4.741142155206404807e-01
6.219957091205705613e-01
7.787714686866049618e-01
9.016799376921896814e-01
4.889908776522899209e-02
4.587787618830405090e-01
3.381382033320066149e-01
6.219957091205705613e-01
6.218344301141759400e-01
9.016799376921896814e-01
7.914095887085110803e-01
3.640407042366231583e-01
4.774465242132541754e-01
4.889908776522899209e-02
7.787714686866049618e-01
9.517759994455146089e-01
5.355846279665740228e-01
7.264397966938397344e-01
3.640407042366231583e-01
4.889908776522899209e-02
9.517759994455146089e-01
4.630154311786874866e-01
5.573838115203046950e-01
6.219957091205705613e-01
4.750125505335807130e-01
5.573838115203046950e-01
9.016799376921896814e-01
4.889908776522899209e-02
7.914095887085110803e-01
6.219957091205705613e-01
7.787714686866049618e-01
4.587787618830405090e-01
4.750125505335807130e-01
9.016799376921896814e-01
5.352417202476380531e-01
4.889908776522899209e-02
7.914095887085110803e-01
6.219957091205705613e-01
7.787714686866049618e-01
4.587787618830405090e-01
4.452688321137271976e-01
3.640407042366231583e-01
9.517759994455146089e-01
4.630154311786874866e-01
5.355846279665740228e-01
4.889908776522899209e-02
7.787714686866049618e-01
9.016799376921896814e-01
3.640407042366231583e-01
7.264397966938397344e-01
6.219957091205705613e-01
8.921337925930032942e-01
4.774465242132541754e-01
4.889908776522899209e-02
1.137745250045314016e+00
4.452688321137271976e-01
3.640407042366231583e-01
4.889908776522899209e-02
6.219957091205705613e-01
4.630154311786874866e-01
4.750125505335807130e-01
4.216125390593662425e-01
4.889908776522899209e-02
2.142337953914875470e+00
4.889908776522899209e-02
8.928202863619936203e-01
9.016799376921896814e-01
4.238681795001683628e-01
4.889908776522899209e-02
4.750125505335807130e-01
9.517759994455146089e-01
4.630154311786874866e-01
9.016799376921896814e-01
4.774465242132541754e-01
4.889908776522899209e-02
6.219957091205705613e-01
8.928202863619936203e-01
4.889908776522899209e-02
7.914095887085110803e-01
6.219957091205705613e-01
8.921337925930032942e-01
9.016799376921896814e-01
4.889908776522899209e-02
3.640407042366231583e-01
6.219957091205705613e-01
4.889908776522899209e-02
9.517759994455146089e-01
7.787714686866049618e-01
4.587787618830405090e-01
4.750125505335807130e-01
9.016799376921896814e-01
7.787714686866049618e-01
9.016799376921896814e-01
4.630154311786874866e-01
3.640407042366231583e-01
4.889908776522899209e-02
0.000000000000000000e+00
3.640407042366231583e-01
7.264397966938397344e-01
9.016799376921896814e-01
4.774465242132541754e-01
9.016799376921896814e-01
4.889908776522899209e-02
4.238681795001683628e-01
6.219957091205705613e-01
4.452688321137271976e-01
4.750125505335807130e-01
8.921337925930032942e-01
4.889908776522899209e-02
4.587787618830405090e-01
3.381382033320066149e-01
6.219957091205705613e-01
1.137745250045314016e+00
2.142337953914875470e+00
1.137745250045314016e+00
4.750125505335807130e-01
4.216125390593662425e-01
4.889908776522899209e-02
3.381382033320066149e-01
9.016799376921896814e-01
4.774465242132541754e-01
4.452688321137271976e-01
4.750125505335807130e-01
3.640407042366231583e-01
4.889908776522899209e-02
9.517759994455146089e-01
4.630154311786874866e-01
4.889908776522899209e-02
2.142337953914875470e+00
4.889908776522899209e-02
4.587787618830405090e-01
3.381382033320066149e-01
6.219957091205705613e-01
6.218344301141759400e-01
9.016799376921896814e-01
7.914095887085110803e-01
3.640407042366231583e-01
4.889908776522899209e-02
4.238681795001683628e-01
9.517759994455146089e-01
3.640407042366231583e-01
7.264397966938397344e-01
4.889908776522899209e-02
2.142337953914875470e+00
4.889908776522899209e-02
7.787714686866049618e-01
4.452688321137271976e-01
7.914095887085110803e-01
7.264397966938397344e-01
4.889908776522899209e-02
4.750125505335807130e-01
6.219957091205705613e-01
4.630154311786874866e-01
5.355846279665740228e-01
9.016799376921896814e-01
3.381382033320066149e-01
4.889908776522899209e-02
9.517759994455146089e-01
4.630154311786874866e-01
3.640407042366231583e-01
3.381382033320066149e-01
6.219957091205705613e-01
8.921337925930032942e-01
4.452688321137271976e-01
7.914095887085110803e-01
3.640407042366231583e-01
9.517759994455146089e-01
6.219957091205705613e-01
4.630154311786874866e-01
4.889908776522899209e-02
6.219957091205705613e-01
3.381382033320066149e-01
4.889908776522899209e-02
7.914095887085110803e-01
6.219957091205705613e-01
7.787714686866049618e-01
4.587787618830405090e-01
4.452688321137271976e-01
3.640407042366231583e-01
2.142337953914875470e+00
3.640407042366231583e-01
9.517759994455146089e-01
6.219957091205705613e-01
4.630154311786874866e-01
2.142337953914875470e+00
4.750125505335807130e-01
4.889908776522899209e-02
1.137745250045314016e+00
2.142337953914875470e+00
7.914095887085110803e-01
5.489891865754013001e-01
5.355846279665740228e-01
3.381382033320066149e-01
6.219957091205705613e-01
4.452688321137271976e-01
4.630154311786874866e-01
8.921337925930032942e-01
4.889908776522899209e-02
9.016799376921896814e-01
5.352417202476380531e-01
4.587787618830405090e-01
4.750125505335807130e-01
2.142337953914875470e+00
9.517759994455146089e-01
4.630154311786874866e-01
9.517759994455146089e-01
4.630154311786874866e-01
5.355846279665740228e-01
4.889908776522899209e-02
3.640407042366231583e-01
7.264397966938397344e-01
9.016799376921896814e-01
4.774465242132541754e-01
9.016799376921896814e-01
4.889908776522899209e-02
7.914095887085110803e-01
6.219957091205705613e-01
7.787714686866049618e-01
4.587787618830405090e-01
4.750125505335807130e-01
9.016799376921896814e-01
5.352417202476380531e-01
4.889908776522899209e-02
7.787714686866049618e-01
9.016799376921896814e-01
3.640407042366231583e-01
7.264397966938397344e-01
6.219957091205705613e-01
8.921337925930032942e-01
4.774465242132541754e-01
5.191711702130565875e-01
4.889908776522899209e-02
1.137745250045314016e+00
4.452688321137271976e-01
3.640407042366231583e-01
4.889908776522899209e-02
3.640407042366231583e-01
7.264397966938397344e-01
9.016799376921896814e-01
4.889908776522899209e-02
7.914095887085110803e-01
6.219957091205705613e-01
8.921337925930032942e-01
9.016799376921896814e-01
4.889908776522899209e-02
4.238681795001683628e-01
6.219957091205705613e-01
4.452688321137271976e-01
4.750125505335807130e-01
8.921337925930032942e-01
4.889908776522899209e-02
1.137745250045314016e+00
9.016799376921896814e-01
4.889908776522899209e-02
8.928202863619936203e-01
2.142337953914875470e+00
9.517759994455146089e-01
3.381382033320066149e-01
4.750125505335807130e-01
4.216125390593662425e-01
4.889908776522899209e-02
4.774465242132541754e-01
7.264397966938397344e-01
6.219957091205705613e-01
3.381382033320066149e-01
3.640407042366231583e-01
0.000000000000000000e+00
3.690572242305590889e-01
4.889908776522899209e-02
4.741142155206404807e-01
6.219957091205705613e-01
7.787714686866049618e-01
9.016799376921896814e-01
4.889908776522899209e-02
7.787714686866049618e-01
9.517759994455146089e-01
5.355846279665740228e-01
7.264397966938397344e-01
3.640407042366231583e-01
4.889908776522899209e-02
9.517759994455146089e-01
4.630154311786874866e-01
5.573838115203046950e-01
6.219957091205705613e-01
4.750125505335807130e-01
5.573838115203046950e-01
9.016799376921896814e-01
4.889908776522899209e-02
8.928202863619936203e-01
2.142337953914875470e+00
9.517759994455146089e-01
3.381382033320066149e-01
4.750125505335807130e-01
4.216125390593662425e-01
4.889908776522899209e-02
4.774465242132541754e-01
9.517759994455146089e-01
7.787714686866049618e-01
4.587787618830405090e-01
4.750125505335807130e-01
9.016799376921896814e-01
4.889908776522899209e-02
7.787714686866049618e-01
9.016799376921896814e-01
3.640407042366231583e-01
7.264397966938397344e-01
6.219957091205705613e-01
8.921337925930032942e-01
4.774465242132541754e-01
4.889908776522899209e-02
3.640407042366231583e-01
6.219957091205705613e-01
4.889908776522899209e-02
4.452688321137271976e-01
4.630154311786874866e-01
8.921337925930032942e-01
9.016799376921896814e-01
3.381382033320066149e-01
4.774465242132541754e-01
3.640407042366231583e-01
2.142337953914875470e+00
4.630154311786874866e-01
8.921337925930032942e-01
5.191711702130565875e-01
4.889908776522899209e-02
1.137745250045314016e+00
4.452688321137271976e-01
3.640407042366231583e-01
4.889908776522899209e-02
3.381382033320066149e-01
9.016799376921896814e-01
6.412904421651658415e-01
4.452688321137271976e-01
9.517759994455146089e-01
3.381382033320066149e-01
9.016799376921896814e-01
4.889908776522899209e-02
2.142337953914875470e+00
4.889908776522899209e-02
4.750125505335807130e-01
6.219957091205705613e-01
3.640407042366231583e-01
4.889908776522899209e-02
6.219957091205705613e-01
8.928202863619936203e-01
4.889908776522899209e-02
4.587787618830405090e-01
3.381382033320066149e-01
6.219957091205705613e-01
5.355846279665740228e-01
3.381382033320066149e-01
2.142337953914875470e+00
7.787714686866049618e-01
7.787714686866049618e-01
9.517759994455146089e-01
4.630154311786874866e-01
5.355846279665740228e-01
4.889908776522899209e-02
0.000000000000000000e+00
9.517759994455146089e-01
4.630154311786874866e-01
4.889908776522899209e-02
3.640407042366231583e-01
7.264397966938397344e-01
9.517759994455146089e-01
4.774465242132541754e-01
4.889908776522899209e-02
7.914095887085110803e-01
2.142337953914875470e+00
4.774465242132541754e-01
9.016799376921896814e-01
5.191711702130565875e-01
4.889908776522899209e-02
3.640407042366231583e-01
7.264397966938397344e-01
9.016799376921896814e-01
4.889908776522899209e-02
9.517759994455146089e-01
4.630154311786874866e-01
3.640407042366231583e-01
3.381382033320066149e-01
6.219957091205705613e-01
0.000000000000000000e+00
7.914095887085110803e-01
6.219957091205705613e-01
7.787714686866049618e-01
4.587787618830405090e-01
4.452688321137271976e-01
3.640407042366231583e-01
2.142337953914875470e+00
3.640407042366231583e-01
9.517759994455146089e-01
6.219957091205705613e-01
4.630154311786874866e-01
2.142337953914875470e+00
4.750125505335807130e-01
4.889908776522899209e-02
1.137745250045314016e+00
2.142337953914875470e+00
7.914095887085110803e-01
5.489891865754013001e-01
5.355846279665740228e-01
3.381382033320066149e-01
6.219957091205705613e-01
4.452688321137271976e-01
4.630154311786874866e-01
8.921337925930032942e-01
4.889908776522899209e-02
7.787714686866049618e-01
2.142337953914875470e+00
4.216125390593662425e-01
4.889908776522899209e-02
1.137745250045314016e+00
9.016799376921896814e-01
4.889908776522899209e-02
4.774465242132541754e-01
7.264397966938397344e-01
6.219957091205705613e-01
3.381382033320066149e-01
3.640407042366231583e-01
9.016799376921896814e-01
3.381382033320066149e-01
4.889908776522899209e-02
1.137745250045314016e+00
4.452688321137271976e-01
3.640407042366231583e-01
4.889908776522899209e-02
3.640407042366231583e-01
7.264397966938397344e-01
9.016799376921896814e-01
4.889908776522899209e-02
7.914095887085110803e-01
6.219957091205705613e-01
8.921337925930032942e-01
9.016799376921896814e-01
4.774465242132541754e-01
4.889908776522899209e-02
4.238681795001683628e-01
9.517759994455146089e-01
4.750125505335807130e-01
4.750125505335807130e-01
4.889908776522899209e-02
1.137745250045314016e+00
9.016799376921896814e-01
4.889908776522899209e-02
4.750125505335807130e-01
6.219957091205705613e-01
4.630154311786874866e-01
5.355846279665740228e-01
9.016799376921896814e-01
3.381382033320066149e-01
0.000000000000000000e+00
3.690572242305590889e-01
4.889908776522899209e-02
7.704645389725069959e-01
2.142337953914875470e+00
4.774465242132541754e-01
9.016799376921896814e-01
8.921337925930032942e-01
4.889908776522899209e-02
6.219957091205705613e-01
4.630154311786874866e-01
4.889908776522899209e-02
3.640407042366231583e-01
7.264397966938397344e-01
9.016799376921896814e-01
4.889908776522899209e-02
4.238681795001683628e-01
9.016799376921896814e-01
9.517759994455146089e-01
5.355846279665740228e-01
7.264397966938397344e-01
3.640407042366231583e-01
4.889908776522899209e-02
6.219957091205705613e-01
8.928202863619936203e-01
4.889908776522899209e-02
3.640407042366231583e-01
7.264397966938397344e-01
9.016799376921896814e-01
4.889908776522899209e-02
3.640407042366231583e-01
9.016799376921896814e-01
3.381382033320066149e-01
7.787714686866049618e-01
4.889908776522899209e-02
4.587787618830405090e-01
3.381382033320066149e-01
6.219957091205705613e-01
6.218344301141759400e-01
9.016799376921896814e-01
7.914095887085110803e-01
3.640407042366231583e-01
4.889908776522899209e-02
2.142337953914875470e+00
4.630154311786874866e-01
8.921337925930032942e-01
4.889908776522899209e-02
3.640407042366231583e-01
7.264397966938397344e-01
9.016799376921896814e-01
4.889908776522899209e-02
2.142337953914875470e+00
7.787714686866049618e-01
6.219957091205705613e-01
4.452688321137271976e-01
4.630154311786874866e-01
3.640407042366231583e-01
4.889908776522899209e-02
6.219957091205705613e-01
8.928202863619936203e-01
4.889908776522899209e-02
3.640407042366231583e-01
9.517759994455146089e-01
7.787714686866049618e-01
9.016799376921896814e-01
4.889908776522899209e-02
4.216125390593662425e-01
6.219957091205705613e-01
4.452688321137271976e-01
4.889908776522899209e-02
7.264397966938397344e-01
2.142337953914875470e+00
5.573838115203046950e-01
9.016799376921896814e-01
4.889908776522899209e-02
3.640407042366231583e-01
6.219957091205705613e-01
4.889908776522899209e-02
8.921337925930032942e-01
6.219957091205705613e-01
4.889908776522899209e-02
9.517759994455146089e-01
3.640407042366231583e-01
5.191711702130565875e-01
4.889908776522899209e-02
4.603405398290921768e-01
4.889908776522899209e-02
2.142337953914875470e+00
7.787714686866049618e-01
4.889908776522899209e-02
9.016799376921896814e-01
5.352417202476380531e-01
4.587787618830405090e-01
9.016799376921896814e-01
7.914095887085110803e-01
3.640407042366231583e-01
9.517759994455146089e-01
4.630154311786874866e-01
5.355846279665740228e-01
4.889908776522899209e-02
2.142337953914875470e+00
4.630154311786874866e-01
4.889908776522899209e-02
2.142337953914875470e+00
7.787714686866049618e-01
6.219957091205705613e-01
4.452688321137271976e-01
4.630154311786874866e-01
3.640407042366231583e-01
4.889908776522899209e-02
6.219957091205705613e-01
8.928202863619936203e-01
4.889908776522899209e-02
4.238681795001683628e-01
6.219957091205705613e-01
3.381382033320066149e-01
5.489891865754013001e-01
4.889908776522899209e-02
3.640407042366231583e-01
7.264397966938397344e-01
2.142337953914875470e+00
3.640407042366231583e-01
4.889908776522899209e-02
9.517759994455146089e-01
4.774465242132541754e-01
4.889908776522899209e-02
3.640407042366231583e-01
7.264397966938397344e-01
9.016799376921896814e-01
4.889908776522899209e-02
9.016799376921896814e-01
6.412904421651658415e-01
4.452688321137271976e-01
9.517759994455146089e-01
5.573838115203046950e-01
2.142337953914875470e+00
4.750125505335807130e-01
9.016799376921896814e-01
4.630154311786874866e-01
3.640407042366231583e-01
4.889908776522899209e-02
6.219957091205705613e-01
8.928202863619936203e-01
4.889908776522899209e-02
4.829208232136141254e-01
4.889908776522899209e-02
3.381382033320066149e-01
9.016799376921896814e-01
5.355846279665740228e-01
4.452688321137271976e-01
4.750125505335807130e-01
2.142337953914875470e+00
3.381382033320066149e-01
4.889908776522899209e-02
7.914095887085110803e-01
6.219957091205705613e-01
4.452688321137271976e-01
3.381382033320066149e-01
4.774465242132541754e-01
9.016799376921896814e-01
4.889908776522899209e-02
4.750125505335807130e-01
2.142337953914875470e+00
1.137745250045314016e+00
4.774465242132541754e-01
4.889908776522899209e-02
0.000000000000000000e+00
9.517759994455146089e-01
4.630154311786874866e-01
4.889908776522899209e-02
3.640407042366231583e-01
9.016799376921896814e-01
3.381382033320066149e-01
7.787714686866049618e-01
4.774465242132541754e-01
4.889908776522899209e-02
6.219957091205705613e-01
8.928202863619936203e-01
4.889908776522899209e-02
3.640407042366231583e-01
9.517759994455146089e-01
7.787714686866049618e-01
9.016799376921896814e-01
4.889908776522899209e-02
4.774465242132541754e-01
4.587787618830405090e-01
9.016799376921896814e-01
4.630154311786874866e-01
3.640407042366231583e-01
4.889908776522899209e-02
6.219957091205705613e-01
4.630154311786874866e-01
4.889908776522899209e-02
3.640407042366231583e-01
7.264397966938397344e-01
9.016799376921896814e-01
4.889908776522899209e-02
4.587787618830405090e-01
3.381382033320066149e-01
6.219957091205705613e-01
6.218344301141759400e-01
9.016799376921896814e-01
7.914095887085110803e-01
3.640407042366231583e-01
0.000000000000000000e+00
3.690572242305590889e-01
4.889908776522899209e-02
6.572272131371236226e-01
9.016799376921896814e-01
4.587787618830405090e-01
6.219957091205705613e-01
3.381382033320066149e-01
3.640407042366231583e-01
4.774465242132541754e-01
4.889908776522899209e-02
4.238681795001683628e-01
9.517759994455146089e-01
4.750125505335807130e-01
4.750125505335807130e-01
4.889908776522899209e-02
1.137745250045314016e+00
9.016799376921896814e-01
4.889908776522899209e-02
8.921337925930032942e-01
4.452688321137271976e-01
9.016799376921896814e-01
4.889908776522899209e-02
4.404661056971670985e-01
9.016799376921896814e-01
8.921337925930032942e-01
4.630154311786874866e-01
9.016799376921896814e-01
4.774465242132541754e-01
8.921337925930032942e-01
2.142337953914875470e+00
4.216125390593662425e-01
4.889908776522899209e-02
5.164185478973172261e-01
9.016799376921896814e-01
7.914095887085110803e-01
3.690572242305590889e-01
4.889908776522899209e-02
3.295583983492029745e-01
5.191711702130565875e-01
4.889908776522899209e-02
4.829208232136141254e-01
3.681664423111148388e-01
4.445521274960385627e-01
2.027437755120435892e-01
3.690572242305590889e-01
4.889908776522899209e-02
7.093621355267974993e-01
6.219957091205705613e-01
4.238681795001683628e-01
9.016799376921896814e-01
5.573838115203046950e-01
9.016799376921896814e-01
3.381382033320066149e-01
5.191711702130565875e-01
4.889908776522899209e-02
3.640407042366231583e-01
7.264397966938397344e-01
9.016799376921896814e-01
3.381382033320066149e-01
9.016799376921896814e-01
4.889908776522899209e-02
9.517759994455146089e-01
4.774465242132541754e-01
4.889908776522899209e-02
2.142337953914875470e+00
4.889908776522899209e-02
3.960131838101365598e-01
5.791815235587424171e-01
0.000000000000000000e+00
6.277154491167774575e-01
5.827213729683466958e-01
3.960131838101365598e-01
1.126330487157051863e+00
6.808493465185780913e-01
4.129397920018521573e-01
4.824521801169015522e-01
4.889908776522899209e-02
9.016799376921896814e-01
5.352417202476380531e-01
3.640407042366231583e-01
9.016799376921896814e-01
4.630154311786874866e-01
4.774465242132541754e-01
9.517759994455146089e-01
6.219957091205705613e-01
4.630154311786874866e-01
4.889908776522899209e-02
4.452688321137271976e-01
4.630154311786874866e-01
3.640407042366231583e-01
9.517759994455146089e-01
4.750125505335807130e-01
4.889908776522899209e-02
4.404661056971670985e-01
9.016799376921896814e-01
8.921337925930032942e-01
4.630154311786874866e-01
9.016799376921896814e-01
4.774465242132541754e-01
8.921337925930032942e-01
2.142337953914875470e+00
4.216125390593662425e-01
4.889908776522899209e-02
5.164185478973172261e-01
9.016799376921896814e-01
7.914095887085110803e-01
3.690572242305590889e-01
4.889908776522899209e-02
4.445521274960385627e-01
2.006442641963989970e-01
4.889908776522899209e-02
2.142337953914875470e+00
3.640407042366231583e-01
4.889908776522899209e-02
1.811436765117181436e-01
0.000000000000000000e+00
3.681664423111148388e-01
3.681664423111148388e-01
4.587787618830405090e-01
7.787714686866049618e-01
3.690572242305590889e-01
4.889908776522899209e-02
4.129397920018521573e-01
7.264397966938397344e-01
9.517759994455146089e-01
4.774465242132541754e-01
4.889908776522899209e-02
9.016799376921896814e-01
5.352417202476380531e-01
3.640407042366231583e-01
9.016799376921896814e-01
4.630154311786874866e-01
4.774465242132541754e-01
9.517759994455146089e-01
6.219957091205705613e-01
4.630154311786874866e-01
4.889908776522899209e-02
8.921337925930032942e-01
9.016799376921896814e-01
2.142337953914875470e+00
8.921337925930032942e-01
4.750125505335807130e-01
9.517759994455146089e-01
4.630154311786874866e-01
9.016799376921896814e-01
4.889908776522899209e-02
9.517759994455146089e-01
4.774465242132541754e-01
4.889908776522899209e-02
4.774465242132541754e-01
3.640407042366231583e-01
3.381382033320066149e-01
9.517759994455146089e-01
7.914095887085110803e-01
3.640407042366231583e-01
3.690572242305590889e-01
4.889908776522899209e-02
4.832825729645774948e-01
2.142337953914875470e+00
5.489891865754013001e-01
9.016799376921896814e-01
4.889908776522899209e-02
4.774465242132541754e-01
4.452688321137271976e-01
3.381382033320066149e-01
9.016799376921896814e-01
4.889908776522899209e-02
3.640407042366231583e-01
6.219957091205705613e-01
4.889908776522899209e-02
7.264397966938397344e-01
2.142337953914875470e+00
4.630154311786874866e-01
8.921337925930032942e-01
4.889908776522899209e-02
9.517759994455146089e-01
4.630154311786874866e-01
4.889908776522899209e-02
4.216125390593662425e-01
6.219957091205705613e-01
4.452688321137271976e-01
3.381382033320066149e-01
4.889908776522899209e-02
4.587787618830405090e-01
3.381382033320066149e-01
6.219957091205705613e-01
6.218344301141759400e-01
9.016799376921896814e-01
7.914095887085110803e-01
3.640407042366231583e-01
4.889908776522899209e-02
4.750125505335807130e-01
6.219957091205705613e-01
4.630154311786874866e-01
5.355846279665740228e-01
4.889908776522899209e-02
1.137745250045314016e+00
9.016799376921896814e-01
8.928202863619936203e-01
6.219957091205705613e-01
3.381382033320066149e-01
9.016799376921896814e-01
4.889908776522899209e-02
3.640407042366231583e-01
7.264397966938397344e-01
9.517759994455146089e-01
4.774465242132541754e-01
4.889908776522899209e-02
8.921337925930032942e-01
9.016799376921896814e-01
2.142337953914875470e+00
8.921337925930032942e-01
4.750125505335807130e-01
9.517759994455146089e-01
4.630154311786874866e-01
9.016799376921896814e-01
4.889908776522899209e-02
4.774465242132541754e-01
6.219957091205705613e-01
4.889908776522899209e-02
3.640407042366231583e-01
7.264397966938397344e-01
2.142337953914875470e+00
3.640407042366231583e-01
4.889908776522899209e-02
3.640407042366231583e-01
7.264397966938397344e-01
9.016799376921896814e-01
3.381382033320066149e-01
9.016799376921896814e-01
4.889908776522899209e-02
9.517759994455146089e-01
4.774465242132541754e-01
4.889908776522899209e-02
4.630154311786874866e-01
6.219957091205705613e-01
4.889908776522899209e-02
9.517759994455146089e-01
4.774465242132541754e-01
4.774465242132541754e-01
4.452688321137271976e-01
9.016799376921896814e-01
4.889908776522899209e-02
4.238681795001683628e-01
9.517759994455146089e-01
3.640407042366231583e-01
7.264397966938397344e-01
4.889908776522899209e-02
1.137745250045314016e+00
9.016799376921896814e-01
9.517759994455146089e-01
4.630154311786874866e-01
5.355846279665740228e-01
4.889908776522899209e-02
6.218344301141759400e-01
4.452688321137271976e-01
4.774465242132541754e-01
3.640407042366231583e-01
4.889908776522899209e-02
6.219957091205705613e-01
5.573838115203046950e-01
9.016799376921896814e-01
3.381382033320066149e-01
4.889908776522899209e-02
3.640407042366231583e-01
7.264397966938397344e-01
9.016799376921896814e-01
4.889908776522899209e-02
8.921337925930032942e-01
4.452688321137271976e-01
9.016799376921896814e-01
4.889908776522899209e-02
8.921337925930032942e-01
2.142337953914875470e+00
3.640407042366231583e-01
9.016799376921896814e-01
0.000000000000000000e+00
3.640407042366231583e-01
9.517759994455146089e-01
7.787714686866049618e-01
9.016799376921896814e-01
3.690572242305590889e-01
4.889908776522899209e-02
4.404661056971670985e-01
6.219957091205705613e-01
3.381382033320066149e-01
5.489891865754013001e-01
4.889908776522899209e-02
7.264397966938397344e-01
2.142337953914875470e+00
4.630154311786874866e-01
8.921337925930032942e-01
9.016799376921896814e-01
8.921337925930032942e-01
4.889908776522899209e-02
9.517759994455146089e-01
4.630154311786874866e-01
4.889908776522899209e-02
2.142337953914875470e+00
8.928202863619936203e-01
3.640407042366231583e-01
9.016799376921896814e-01
3.381382033320066149e-01
4.889908776522899209e-02
4.404661056971670985e-01
9.016799376921896814e-01
8.921337925930032942e-01
4.630154311786874866e-01
9.016799376921896814e-01
4.774465242132541754e-01
8.921337925930032942e-01
2.142337953914875470e+00
4.216125390593662425e-01
4.889908776522899209e-02
5.164185478973172261e-01
9.016799376921896814e-01
7.914095887085110803e-01
3.690572242305590889e-01
4.889908776522899209e-02
4.445521274960385627e-01
2.006442641963989970e-01
4.889908776522899209e-02
2.142337953914875470e+00
3.640407042366231583e-01
4.889908776522899209e-02
1.811436765117181436e-01
0.000000000000000000e+00
3.681664423111148388e-01
3.681664423111148388e-01
4.587787618830405090e-01
7.787714686866049618e-01
4.889908776522899209e-02
4.238681795001683628e-01
9.517759994455146089e-01
4.750125505335807130e-01
4.750125505335807130e-01
4.889908776522899209e-02
1.137745250045314016e+00
9.016799376921896814e-01
4.889908776522899209e-02
2.142337953914875470e+00
4.774465242132541754e-01
4.774465242132541754e-01
9.517759994455146089e-01
5.355846279665740228e-01
4.630154311786874866e-01
9.016799376921896814e-01
8.921337925930032942e-01
4.889908776522899209e-02
2.142337953914875470e+00
4.889908776522899209e-02
5.355846279665740228e-01
3.381382033320066149e-01
2.142337953914875470e+00
8.921337925930032942e-01
9.016799376921896814e-01
4.889908776522899209e-02
6.219957091205705613e-01
8.928202863619936203e-01
4.889908776522899209e-02
3.681664423111148388e-01
3.690572242305590889e-01
4.889908776522899209e-02
7.093621355267974993e-01
6.219957091205705613e-01
4.238681795001683628e-01
4.889908776522899209e-02
3.640407042366231583e-01
6.219957091205705613e-01
4.889908776522899209e-02
7.264397966938397344e-01
2.142337953914875470e+00
4.630154311786874866e-01
8.921337925930032942e-01
4.889908776522899209e-02
9.517759994455146089e-01
4.630154311786874866e-01
0.000000000000000000e+00
4.889908776522899209e-02
4.774465242132541754e-01
9.517759994455146089e-01
7.787714686866049618e-01
9.517759994455146089e-01
4.750125505335807130e-01
2.142337953914875470e+00
3.381382033320066149e-01
4.889908776522899209e-02
3.640407042366231583e-01
6.219957091205705613e-01
4.889908776522899209e-02
3.640407042366231583e-01
7.264397966938397344e-01
9.016799376921896814e-01
4.889908776522899209e-02
4.750125505335807130e-01
2.142337953914875470e+00
1.137745250045314016e+00
4.774465242132541754e-01
5.191711702130565875e-01
4.889908776522899209e-02
4.216125390593662425e-01
6.219957091205705613e-01
4.452688321137271976e-01
4.889908776522899209e-02
4.238681795001683628e-01
9.517759994455146089e-01
4.750125505335807130e-01
4.750125505335807130e-01
4.889908776522899209e-02
7.264397966938397344e-01
2.142337953914875470e+00
4.630154311786874866e-01
8.921337925930032942e-01
4.889908776522899209e-02
9.517759994455146089e-01
4.630154311786874866e-01
4.889908776522899209e-02
4.216125390593662425e-01
6.219957091205705613e-01
4.452688321137271976e-01
3.381382033320066149e-01
4.889908776522899209e-02
4.587787618830405090e-01
3.381382033320066149e-01
6.219957091205705613e-01
6.218344301141759400e-01
9.016799376921896814e-01
7.914095887085110803e-01
3.640407042366231583e-01
4.889908776522899209e-02
5.573838115203046950e-01
9.517759994455146089e-01
2.142337953914875470e+00
4.889908776522899209e-02
6.234212407810284517e-01
4.452688321137271976e-01
9.016799376921896814e-01
3.381382033320066149e-01
7.914095887085110803e-01
4.452688321137271976e-01
4.774465242132541754e-01
3.690572242305590889e-01
4.889908776522899209e-02
4.741142155206404807e-01
2.142337953914875470e+00
7.787714686866049618e-01
9.016799376921896814e-01
4.889908776522899209e-02
3.381382033320066149e-01
4.452688321137271976e-01
4.750125505335807130e-01
9.016799376921896814e-01
4.774465242132541754e-01
4.889908776522899209e-02
2.142337953914875470e+00
4.774465242132541754e-01
4.889908776522899209e-02
3.640407042366231583e-01
7.264397966938397344e-01
9.016799376921896814e-01
4.889908776522899209e-02
2.142337953914875470e+00
4.774465242132541754e-01
4.774465242132541754e-01
9.517759994455146089e-01
5.355846279665740228e-01
4.630154311786874866e-01
7.787714686866049618e-01
9.016799376921896814e-01
4.630154311786874866e-01
3.640407042366231583e-01
4.774465242132541754e-01
3.690572242305590889e-01
4.889908776522899209e-02
